p cnf 9417 4265
1 -3 0
2 -3 0
-1 -2 3 0
1 -5 0
4 -5 0
-1 -4 5 0
6 -8 0
7 -8 0
-6 -7 8 0
6 -10 0
9 -10 0
-6 -9 10 0
6 -12 0
11 -12 0
-6 -11 12 0
13 -15 0
14 -15 0
-13 -14 15 0
13 -17 0
16 -17 0
-13 -16 17 0
13 -19 0
18 -19 0
-13 -18 19 0
20 -22 0
21 -22 0
-20 -21 22 0
20 -24 0
23 -24 0
-20 -23 24 0
20 -26 0
25 -26 0
-20 -25 26 0
27 -29 0
28 -29 0
-27 -28 29 0
27 -31 0
30 -31 0
-27 -30 31 0
27 -33 0
32 -33 0
-27 -32 33 0
34 -36 0
35 -36 0
-34 -35 36 0
34 -38 0
37 -38 0
-34 -37 38 0
34 -40 0
39 -40 0
-34 -39 40 0
45 -47 0
46 -47 0
-45 -46 47 0
48 0
-243 -275 0
-244 -275 0
-245 -275 0
-246 -275 0
-247 -275 0
-248 -275 0
-249 -275 0
-250 -275 0
-251 -275 0
-252 -275 0
-253 -275 0
-254 -275 0
-255 -275 0
-256 -275 0
-257 -275 0
-258 -275 0
-259 -275 0
-260 -275 0
-261 -275 0
-262 -275 0
-263 -275 0
-264 -275 0
-265 -275 0
-266 -275 0
-267 -275 0
-268 -275 0
-269 -275 0
-270 -275 0
-271 -275 0
-272 -275 0
-273 -275 0
-274 -275 0
243 244 245 246 247 248 249 250 251 252 253 254 255 256 257 258 259 260 261 262 263 264 265 266 267 268 269 270 271 272 273 274 275 0
-1 -275 -276 0
1 275 -276 0
-1 275 276 0
1 -275 276 0
-276 0
114 -277 0
-114 277 0
-4 -277 -278 0
4 277 -278 0
-4 277 278 0
4 -277 278 0
-278 0
-4 -279 0
114 -279 0
4 -114 279 0
1 -377 0
2 -377 0
-1 -2 377 0
1 -114 378 0
1 114 -378 0
-1 -279 378 0
-1 279 -378 0
-1 -379 0
280 -379 0
1 -280 379 0
-1 -380 0
281 -380 0
1 -281 380 0
-1 -381 0
282 -381 0
1 -282 381 0
-1 -382 0
283 -382 0
1 -283 382 0
-1 -383 0
284 -383 0
1 -284 383 0
-1 -384 0
285 -384 0
1 -285 384 0
-1 -385 0
286 -385 0
1 -286 385 0
-1 -386 0
287 -386 0
1 -287 386 0
-1 -387 0
288 -387 0
1 -288 387 0
-1 -388 0
289 -388 0
1 -289 388 0
-1 -389 0
290 -389 0
1 -290 389 0
-1 -390 0
291 -390 0
1 -291 390 0
-1 -391 0
292 -391 0
1 -292 391 0
-1 -392 0
293 -392 0
1 -293 392 0
-1 -393 0
294 -393 0
1 -294 393 0
-1 -394 0
295 -394 0
1 -295 394 0
-1 -395 0
296 -395 0
1 -296 395 0
-1 -396 0
297 -396 0
1 -297 396 0
-1 -397 0
298 -397 0
1 -298 397 0
-1 -398 0
299 -398 0
1 -299 398 0
-1 -399 0
300 -399 0
1 -300 399 0
-1 -400 0
301 -400 0
1 -301 400 0
-1 -401 0
302 -401 0
1 -302 401 0
-1 -402 0
303 -402 0
1 -303 402 0
-1 -403 0
304 -403 0
1 -304 403 0
-1 -404 0
305 -404 0
1 -305 404 0
-1 -405 0
306 -405 0
1 -306 405 0
-1 -406 0
307 -406 0
1 -307 406 0
-1 -407 0
308 -407 0
1 -308 407 0
-1 -408 0
309 -408 0
1 -309 408 0
-1 -409 0
310 -409 0
1 -310 409 0
-1 -410 0
311 -410 0
1 -311 410 0
-1 -411 0
312 -411 0
1 -312 411 0
-1 -412 0
313 -412 0
1 -313 412 0
-1 -413 0
314 -413 0
1 -314 413 0
-1 -414 0
315 -414 0
1 -315 414 0
-1 -415 0
316 -415 0
1 -316 415 0
-1 -416 0
317 -416 0
1 -317 416 0
-1 -417 0
318 -417 0
1 -318 417 0
-1 -418 0
319 -418 0
1 -319 418 0
-1 -419 0
320 -419 0
1 -320 419 0
-1 -420 0
321 -420 0
1 -321 420 0
-1 -421 0
322 -421 0
1 -322 421 0
-1 -422 0
323 -422 0
1 -323 422 0
-1 -423 0
324 -423 0
1 -324 423 0
-1 -424 0
325 -424 0
1 -325 424 0
-1 -425 0
326 -425 0
1 -326 425 0
-1 -426 0
327 -426 0
1 -327 426 0
-1 -427 0
328 -427 0
1 -328 427 0
-1 -428 0
329 -428 0
1 -329 428 0
-1 -429 0
330 -429 0
1 -330 429 0
-1 -430 0
331 -430 0
1 -331 430 0
-1 -431 0
332 -431 0
1 -332 431 0
-1 -432 0
333 -432 0
1 -333 432 0
-1 -433 0
334 -433 0
1 -334 433 0
-1 -434 0
335 -434 0
1 -335 434 0
-1 -435 0
336 -435 0
1 -336 435 0
-1 436 0
-337 436 0
1 337 -436 0
-1 -437 0
338 -437 0
1 -338 437 0
-1 -438 0
339 -438 0
1 -339 438 0
-1 -439 0
340 -439 0
1 -340 439 0
-1 -440 0
341 -440 0
1 -341 440 0
-1 -441 0
342 -441 0
1 -342 441 0
-1 -442 0
343 -442 0
1 -343 442 0
1 -344 444 0
1 344 -444 0
-1 -443 444 0
-1 443 -444 0
-445 446 0
-113 446 0
113 445 -446 0
-445 447 0
-113 447 0
113 445 -447 0
-448 449 0
-378 449 0
378 448 -449 0
-578 -610 0
-579 -610 0
-580 -610 0
-581 -610 0
-582 -610 0
-583 -610 0
-584 -610 0
-585 -610 0
-586 -610 0
-587 -610 0
-588 -610 0
-589 -610 0
-590 -610 0
-591 -610 0
-592 -610 0
-593 -610 0
-594 -610 0
-595 -610 0
-596 -610 0
-597 -610 0
-598 -610 0
-599 -610 0
-600 -610 0
-601 -610 0
-602 -610 0
-603 -610 0
-604 -610 0
-605 -610 0
-606 -610 0
-607 -610 0
-608 -610 0
-609 -610 0
578 579 580 581 582 583 584 585 586 587 588 589 590 591 592 593 594 595 596 597 598 599 600 601 602 603 604 605 606 607 608 609 610 0
-6 -610 -611 0
6 610 -611 0
-6 610 611 0
6 -610 611 0
-611 0
-7 0
-9 612 0
-377 612 0
9 377 -612 0
448 -613 0
449 -613 0
-448 -449 613 0
-11 -613 -614 0
11 613 -614 0
-11 613 614 0
11 -613 614 0
-614 0
-11 -615 0
448 -615 0
11 -448 615 0
-11 -616 0
449 -616 0
11 -449 616 0
6 -682 0
9 -682 0
-6 -9 682 0
6 -377 683 0
6 377 -683 0
-6 -612 683 0
-6 612 -683 0
6 -448 684 0
6 448 -684 0
-6 -615 684 0
-6 615 -684 0
6 -449 685 0
6 449 -685 0
-6 -616 685 0
-6 616 -685 0
-6 -686 0
617 -686 0
6 -617 686 0
-6 -687 0
618 -687 0
6 -618 687 0
-6 -688 0
619 -688 0
6 -619 688 0
-6 -689 0
620 -689 0
6 -620 689 0
-6 -690 0
621 -690 0
6 -621 690 0
-6 -691 0
622 -691 0
6 -622 691 0
-6 -692 0
623 -692 0
6 -623 692 0
-6 -693 0
624 -693 0
6 -624 693 0
-6 -694 0
625 -694 0
6 -625 694 0
-6 -695 0
626 -695 0
6 -626 695 0
-6 -696 0
627 -696 0
6 -627 696 0
-6 -697 0
628 -697 0
6 -628 697 0
-6 -698 0
629 -698 0
6 -629 698 0
-6 -699 0
630 -699 0
6 -630 699 0
-6 -700 0
631 -700 0
6 -631 700 0
-6 -701 0
632 -701 0
6 -632 701 0
-6 -702 0
633 -702 0
6 -633 702 0
-6 -703 0
634 -703 0
6 -634 703 0
-6 -704 0
635 -704 0
6 -635 704 0
-6 -705 0
636 -705 0
6 -636 705 0
-6 -706 0
637 -706 0
6 -637 706 0
-6 -707 0
638 -707 0
6 -638 707 0
-6 -708 0
639 -708 0
6 -639 708 0
-6 -709 0
640 -709 0
6 -640 709 0
-6 -710 0
641 -710 0
6 -641 710 0
-6 -711 0
642 -711 0
6 -642 711 0
-6 -712 0
643 -712 0
6 -643 712 0
-6 -713 0
644 -713 0
6 -644 713 0
-6 -714 0
645 -714 0
6 -645 714 0
-6 -715 0
646 -715 0
6 -646 715 0
-6 -716 0
647 -716 0
6 -647 716 0
-6 -717 0
648 -717 0
6 -648 717 0
-6 -718 0
649 -718 0
6 -649 718 0
-6 -719 0
650 -719 0
6 -650 719 0
-6 -720 0
651 -720 0
6 -651 720 0
-6 -721 0
652 -721 0
6 -652 721 0
-6 -722 0
653 -722 0
6 -653 722 0
-6 -723 0
654 -723 0
6 -654 723 0
-6 -724 0
655 -724 0
6 -655 724 0
-6 -725 0
656 -725 0
6 -656 725 0
-6 -726 0
657 -726 0
6 -657 726 0
-6 -727 0
658 -727 0
6 -658 727 0
-6 -728 0
659 -728 0
6 -659 728 0
-6 -729 0
660 -729 0
6 -660 729 0
-6 -730 0
661 -730 0
6 -661 730 0
-6 -731 0
662 -731 0
6 -662 731 0
-6 -732 0
663 -732 0
6 -663 732 0
-6 -733 0
664 -733 0
6 -664 733 0
-6 -734 0
665 -734 0
6 -665 734 0
-6 -735 0
666 -735 0
6 -666 735 0
-6 -736 0
667 -736 0
6 -667 736 0
-6 -737 0
668 -737 0
6 -668 737 0
-6 -738 0
669 -738 0
6 -669 738 0
-6 -739 0
670 -739 0
6 -670 739 0
-6 -740 0
671 -740 0
6 -671 740 0
-6 -741 0
672 -741 0
6 -672 741 0
-6 742 0
-673 742 0
6 673 -742 0
-6 743 0
-674 743 0
6 674 -743 0
-6 -744 0
675 -744 0
6 -675 744 0
-6 -745 0
676 -745 0
6 -676 745 0
-6 -746 0
677 -746 0
6 -677 746 0
-6 -747 0
678 -747 0
6 -678 747 0
-6 -748 0
679 -748 0
6 -679 748 0
-6 -749 0
680 -749 0
6 -680 749 0
6 -681 751 0
6 681 -751 0
-6 -750 751 0
-6 750 -751 0
-752 -753 0
445 -753 0
-445 752 753 0
-752 -754 0
446 -754 0
-446 752 754 0
-752 755 0
-447 755 0
447 752 -755 0
-756 -757 0
684 -757 0
-684 756 757 0
-756 -758 0
685 -758 0
-685 756 758 0
-887 -919 0
-888 -919 0
-889 -919 0
-890 -919 0
-891 -919 0
-892 -919 0
-893 -919 0
-894 -919 0
-895 -919 0
-896 -919 0
-897 -919 0
-898 -919 0
-899 -919 0
-900 -919 0
-901 -919 0
-902 -919 0
-903 -919 0
-904 -919 0
-905 -919 0
-906 -919 0
-907 -919 0
-908 -919 0
-909 -919 0
-910 -919 0
-911 -919 0
-912 -919 0
-913 -919 0
-914 -919 0
-915 -919 0
-916 -919 0
-917 -919 0
-918 -919 0
887 888 889 890 891 892 893 894 895 896 897 898 899 900 901 902 903 904 905 906 907 908 909 910 911 912 913 914 915 916 917 918 919 0
-13 -919 -920 0
13 919 -920 0
-13 919 920 0
13 -919 920 0
-920 0
-14 0
-16 -921 0
682 -921 0
16 -682 921 0
-16 -922 0
683 -922 0
16 -683 922 0
-757 -923 0
-758 -923 0
756 -923 0
-756 757 758 923 0
-18 -923 -924 0
18 923 -924 0
-18 923 924 0
18 -923 924 0
-924 0
-18 -925 0
757 -925 0
18 -757 925 0
-18 -926 0
758 -926 0
18 -758 926 0
-18 -927 0
756 -927 0
18 -756 927 0
13 -682 993 0
13 682 -993 0
-13 -921 993 0
-13 921 -993 0
13 -683 994 0
13 683 -994 0
-13 -922 994 0
-13 922 -994 0
13 -995 0
16 -995 0
-13 -16 995 0
13 -757 996 0
13 757 -996 0
-13 -925 996 0
-13 925 -996 0
13 -758 997 0
13 758 -997 0
-13 -926 997 0
-13 926 -997 0
13 -756 998 0
13 756 -998 0
-13 -927 998 0
-13 927 -998 0
-13 -999 0
928 -999 0
13 -928 999 0
-13 -1000 0
929 -1000 0
13 -929 1000 0
-13 -1001 0
930 -1001 0
13 -930 1001 0
-13 -1002 0
931 -1002 0
13 -931 1002 0
-13 -1003 0
932 -1003 0
13 -932 1003 0
-13 -1004 0
933 -1004 0
13 -933 1004 0
-13 -1005 0
934 -1005 0
13 -934 1005 0
-13 -1006 0
935 -1006 0
13 -935 1006 0
-13 -1007 0
936 -1007 0
13 -936 1007 0
-13 -1008 0
937 -1008 0
13 -937 1008 0
-13 -1009 0
938 -1009 0
13 -938 1009 0
-13 -1010 0
939 -1010 0
13 -939 1010 0
-13 -1011 0
940 -1011 0
13 -940 1011 0
-13 -1012 0
941 -1012 0
13 -941 1012 0
-13 -1013 0
942 -1013 0
13 -942 1013 0
-13 -1014 0
943 -1014 0
13 -943 1014 0
-13 -1015 0
944 -1015 0
13 -944 1015 0
-13 -1016 0
945 -1016 0
13 -945 1016 0
-13 -1017 0
946 -1017 0
13 -946 1017 0
-13 -1018 0
947 -1018 0
13 -947 1018 0
-13 -1019 0
948 -1019 0
13 -948 1019 0
-13 -1020 0
949 -1020 0
13 -949 1020 0
-13 -1021 0
950 -1021 0
13 -950 1021 0
-13 -1022 0
951 -1022 0
13 -951 1022 0
-13 -1023 0
952 -1023 0
13 -952 1023 0
-13 -1024 0
953 -1024 0
13 -953 1024 0
-13 -1025 0
954 -1025 0
13 -954 1025 0
-13 -1026 0
955 -1026 0
13 -955 1026 0
-13 -1027 0
956 -1027 0
13 -956 1027 0
-13 -1028 0
957 -1028 0
13 -957 1028 0
-13 -1029 0
958 -1029 0
13 -958 1029 0
-13 -1030 0
959 -1030 0
13 -959 1030 0
-13 -1031 0
960 -1031 0
13 -960 1031 0
-13 -1032 0
961 -1032 0
13 -961 1032 0
-13 -1033 0
962 -1033 0
13 -962 1033 0
-13 -1034 0
963 -1034 0
13 -963 1034 0
-13 -1035 0
964 -1035 0
13 -964 1035 0
-13 -1036 0
965 -1036 0
13 -965 1036 0
-13 -1037 0
966 -1037 0
13 -966 1037 0
-13 -1038 0
967 -1038 0
13 -967 1038 0
-13 -1039 0
968 -1039 0
13 -968 1039 0
-13 -1040 0
969 -1040 0
13 -969 1040 0
-13 -1041 0
970 -1041 0
13 -970 1041 0
-13 -1042 0
971 -1042 0
13 -971 1042 0
-13 -1043 0
972 -1043 0
13 -972 1043 0
-13 -1044 0
973 -1044 0
13 -973 1044 0
-13 -1045 0
974 -1045 0
13 -974 1045 0
-13 -1046 0
975 -1046 0
13 -975 1046 0
-13 -1047 0
976 -1047 0
13 -976 1047 0
-13 -1048 0
977 -1048 0
13 -977 1048 0
-13 -1049 0
978 -1049 0
13 -978 1049 0
-13 -1050 0
979 -1050 0
13 -979 1050 0
-13 -1051 0
980 -1051 0
13 -980 1051 0
-13 -1052 0
981 -1052 0
13 -981 1052 0
-13 -1053 0
982 -1053 0
13 -982 1053 0
-13 -1054 0
983 -1054 0
13 -983 1054 0
-13 -1055 0
984 -1055 0
13 -984 1055 0
-13 -1056 0
985 -1056 0
13 -985 1056 0
-13 1057 0
-986 1057 0
13 986 -1057 0
-13 -1058 0
987 -1058 0
13 -987 1058 0
-13 -1059 0
988 -1059 0
13 -988 1059 0
-13 -1060 0
989 -1060 0
13 -989 1060 0
-13 -1061 0
990 -1061 0
13 -990 1061 0
-13 -1062 0
991 -1062 0
13 -991 1062 0
13 -992 1064 0
13 992 -1064 0
-13 -1063 1064 0
-13 1063 -1064 0
993 -1065 0
-994 -1065 0
995 -1065 0
-993 994 -995 1065 0
-1065 -1066 0
993 -1066 0
-993 1065 1066 0
-1065 -1067 0
994 -1067 0
-994 1065 1067 0
-1065 -1068 0
995 -1068 0
-995 1065 1068 0
-1069 1070 0
-753 1070 0
753 1069 -1070 0
-1069 -1071 0
754 -1071 0
-754 1069 1071 0
-1069 1072 0
-752 1072 0
752 1069 -1072 0
-1069 1073 0
-755 1073 0
755 1069 -1073 0
-1074 1075 0
-996 1075 0
996 1074 -1075 0
-1074 -1076 0
997 -1076 0
-997 1074 1076 0
-1074 1077 0
-998 1077 0
998 1074 -1077 0
-1206 -1238 0
-1207 -1238 0
-1208 -1238 0
-1209 -1238 0
-1210 -1238 0
-1211 -1238 0
-1212 -1238 0
-1213 -1238 0
-1214 -1238 0
-1215 -1238 0
-1216 -1238 0
-1217 -1238 0
-1218 -1238 0
-1219 -1238 0
-1220 -1238 0
-1221 -1238 0
-1222 -1238 0
-1223 -1238 0
-1224 -1238 0
-1225 -1238 0
-1226 -1238 0
-1227 -1238 0
-1228 -1238 0
-1229 -1238 0
-1230 -1238 0
-1231 -1238 0
-1232 -1238 0
-1233 -1238 0
-1234 -1238 0
-1235 -1238 0
-1236 -1238 0
-1237 -1238 0
1206 1207 1208 1209 1210 1211 1212 1213 1214 1215 1216 1217 1218 1219 1220 1221 1222 1223 1224 1225 1226 1227 1228 1229 1230 1231 1232 1233 1234 1235 1236 1237 1238 0
-20 -1238 -1239 0
20 1238 -1239 0
-20 1238 1239 0
20 -1238 1239 0
-1239 0
1066 -1240 0
-1067 -1240 0
1068 -1240 0
-1066 1067 -1068 1240 0
-21 -1240 -1241 0
21 1240 -1241 0
-21 1240 1241 0
21 -1240 1241 0
-1241 0
-23 1242 0
-1066 1242 0
23 1066 -1242 0
-23 -1243 0
1067 -1243 0
23 -1067 1243 0
-23 1244 0
-1068 1244 0
23 1068 -1244 0
1075 -1245 0
-1076 -1245 0
1077 -1245 0
-1075 1076 -1077 1245 0
-25 -1245 -1246 0
25 1245 -1246 0
-25 1245 1246 0
25 -1245 1246 0
-1246 0
-25 -1247 0
1075 -1247 0
25 -1075 1247 0
-25 -1248 0
1076 -1248 0
25 -1076 1248 0
-25 -1249 0
1077 -1249 0
25 -1077 1249 0
20 -1066 1315 0
20 1066 -1315 0
-20 -1242 1315 0
-20 1242 -1315 0
20 -1067 1316 0
20 1067 -1316 0
-20 -1243 1316 0
-20 1243 -1316 0
20 -1068 1317 0
20 1068 -1317 0
-20 -1244 1317 0
-20 1244 -1317 0
20 -1075 1318 0
20 1075 -1318 0
-20 -1247 1318 0
-20 1247 -1318 0
20 -1076 1319 0
20 1076 -1319 0
-20 -1248 1319 0
-20 1248 -1319 0
20 -1077 1320 0
20 1077 -1320 0
-20 -1249 1320 0
-20 1249 -1320 0
-20 -1321 0
1250 -1321 0
20 -1250 1321 0
-20 -1322 0
1251 -1322 0
20 -1251 1322 0
-20 -1323 0
1252 -1323 0
20 -1252 1323 0
-20 -1324 0
1253 -1324 0
20 -1253 1324 0
-20 -1325 0
1254 -1325 0
20 -1254 1325 0
-20 -1326 0
1255 -1326 0
20 -1255 1326 0
-20 -1327 0
1256 -1327 0
20 -1256 1327 0
-20 -1328 0
1257 -1328 0
20 -1257 1328 0
-20 -1329 0
1258 -1329 0
20 -1258 1329 0
-20 -1330 0
1259 -1330 0
20 -1259 1330 0
-20 -1331 0
1260 -1331 0
20 -1260 1331 0
-20 -1332 0
1261 -1332 0
20 -1261 1332 0
-20 -1333 0
1262 -1333 0
20 -1262 1333 0
-20 -1334 0
1263 -1334 0
20 -1263 1334 0
-20 -1335 0
1264 -1335 0
20 -1264 1335 0
-20 -1336 0
1265 -1336 0
20 -1265 1336 0
-20 -1337 0
1266 -1337 0
20 -1266 1337 0
-20 -1338 0
1267 -1338 0
20 -1267 1338 0
-20 -1339 0
1268 -1339 0
20 -1268 1339 0
-20 -1340 0
1269 -1340 0
20 -1269 1340 0
-20 -1341 0
1270 -1341 0
20 -1270 1341 0
-20 -1342 0
1271 -1342 0
20 -1271 1342 0
-20 -1343 0
1272 -1343 0
20 -1272 1343 0
-20 -1344 0
1273 -1344 0
20 -1273 1344 0
-20 -1345 0
1274 -1345 0
20 -1274 1345 0
-20 -1346 0
1275 -1346 0
20 -1275 1346 0
-20 -1347 0
1276 -1347 0
20 -1276 1347 0
-20 -1348 0
1277 -1348 0
20 -1277 1348 0
-20 -1349 0
1278 -1349 0
20 -1278 1349 0
-20 -1350 0
1279 -1350 0
20 -1279 1350 0
-20 -1351 0
1280 -1351 0
20 -1280 1351 0
-20 -1352 0
1281 -1352 0
20 -1281 1352 0
-20 -1353 0
1282 -1353 0
20 -1282 1353 0
-20 -1354 0
1283 -1354 0
20 -1283 1354 0
-20 -1355 0
1284 -1355 0
20 -1284 1355 0
-20 -1356 0
1285 -1356 0
20 -1285 1356 0
-20 -1357 0
1286 -1357 0
20 -1286 1357 0
-20 -1358 0
1287 -1358 0
20 -1287 1358 0
-20 -1359 0
1288 -1359 0
20 -1288 1359 0
-20 -1360 0
1289 -1360 0
20 -1289 1360 0
-20 -1361 0
1290 -1361 0
20 -1290 1361 0
-20 -1362 0
1291 -1362 0
20 -1291 1362 0
-20 -1363 0
1292 -1363 0
20 -1292 1363 0
-20 -1364 0
1293 -1364 0
20 -1293 1364 0
-20 -1365 0
1294 -1365 0
20 -1294 1365 0
-20 -1366 0
1295 -1366 0
20 -1295 1366 0
-20 -1367 0
1296 -1367 0
20 -1296 1367 0
-20 -1368 0
1297 -1368 0
20 -1297 1368 0
-20 -1369 0
1298 -1369 0
20 -1298 1369 0
-20 -1370 0
1299 -1370 0
20 -1299 1370 0
-20 -1371 0
1300 -1371 0
20 -1300 1371 0
-20 -1372 0
1301 -1372 0
20 -1301 1372 0
-20 -1373 0
1302 -1373 0
20 -1302 1373 0
-20 -1374 0
1303 -1374 0
20 -1303 1374 0
-20 -1375 0
1304 -1375 0
20 -1304 1375 0
-20 -1376 0
1305 -1376 0
20 -1305 1376 0
-20 1377 0
-1306 1377 0
20 1306 -1377 0
-20 -1378 0
1307 -1378 0
20 -1307 1378 0
-20 1379 0
-1308 1379 0
20 1308 -1379 0
-20 -1380 0
1309 -1380 0
20 -1309 1380 0
-20 -1381 0
1310 -1381 0
20 -1310 1381 0
-20 -1382 0
1311 -1382 0
20 -1311 1382 0
-20 -1383 0
1312 -1383 0
20 -1312 1383 0
-20 -1384 0
1313 -1384 0
20 -1313 1384 0
20 -1314 1386 0
20 1314 -1386 0
-20 -1385 1386 0
-20 1385 -1386 0
-1315 -1387 0
1316 -1387 0
1317 -1387 0
1315 -1316 -1317 1387 0
-1387 -1388 0
1315 -1388 0
-1315 1387 1388 0
-1387 -1389 0
1316 -1389 0
-1316 1387 1389 0
-1387 -1390 0
1317 -1390 0
-1317 1387 1390 0
-1391 -1392 0
1070 -1392 0
-1070 1391 1392 0
-1391 1393 0
-1071 1393 0
1071 1391 -1393 0
-1391 1394 0
-1072 1394 0
1072 1391 -1394 0
-1391 1395 0
-1073 1395 0
1073 1391 -1395 0
-1396 -1397 0
1318 -1397 0
-1318 1396 1397 0
-1396 1398 0
-1319 1398 0
1319 1396 -1398 0
-1396 1399 0
-1320 1399 0
1320 1396 -1399 0
-1528 -1560 0
-1529 -1560 0
-1530 -1560 0
-1531 -1560 0
-1532 -1560 0
-1533 -1560 0
-1534 -1560 0
-1535 -1560 0
-1536 -1560 0
-1537 -1560 0
-1538 -1560 0
-1539 -1560 0
-1540 -1560 0
-1541 -1560 0
-1542 -1560 0
-1543 -1560 0
-1544 -1560 0
-1545 -1560 0
-1546 -1560 0
-1547 -1560 0
-1548 -1560 0
-1549 -1560 0
-1550 -1560 0
-1551 -1560 0
-1552 -1560 0
-1553 -1560 0
-1554 -1560 0
-1555 -1560 0
-1556 -1560 0
-1557 -1560 0
-1558 -1560 0
-1559 -1560 0
1528 1529 1530 1531 1532 1533 1534 1535 1536 1537 1538 1539 1540 1541 1542 1543 1544 1545 1546 1547 1548 1549 1550 1551 1552 1553 1554 1555 1556 1557 1558 1559 1560 0
-27 -1560 -1561 0
27 1560 -1561 0
-27 1560 1561 0
27 -1560 1561 0
-1561 0
-1388 -1562 0
1389 -1562 0
1390 -1562 0
1388 -1389 -1390 1562 0
-28 -1562 -1563 0
28 1562 -1563 0
-28 1562 1563 0
28 -1562 1563 0
-1563 0
-30 -1564 0
1388 -1564 0
30 -1388 1564 0
-30 1565 0
-1389 1565 0
30 1389 -1565 0
-30 1566 0
-1390 1566 0
30 1390 -1566 0
-1397 -1567 0
1398 -1567 0
1399 -1567 0
1397 -1398 -1399 1567 0
-32 -1567 -1568 0
32 1567 -1568 0
-32 1567 1568 0
32 -1567 1568 0
-1568 0
-32 -1569 0
1397 -1569 0
32 -1397 1569 0
-32 -1570 0
1398 -1570 0
32 -1398 1570 0
-32 -1571 0
1399 -1571 0
32 -1399 1571 0
27 -1388 1637 0
27 1388 -1637 0
-27 -1564 1637 0
-27 1564 -1637 0
27 -1389 1638 0
27 1389 -1638 0
-27 -1565 1638 0
-27 1565 -1638 0
27 -1390 1639 0
27 1390 -1639 0
-27 -1566 1639 0
-27 1566 -1639 0
27 -1397 1640 0
27 1397 -1640 0
-27 -1569 1640 0
-27 1569 -1640 0
27 -1398 1641 0
27 1398 -1641 0
-27 -1570 1641 0
-27 1570 -1641 0
27 -1399 1642 0
27 1399 -1642 0
-27 -1571 1642 0
-27 1571 -1642 0
-27 -1643 0
1572 -1643 0
27 -1572 1643 0
-27 -1644 0
1573 -1644 0
27 -1573 1644 0
-27 -1645 0
1574 -1645 0
27 -1574 1645 0
-27 -1646 0
1575 -1646 0
27 -1575 1646 0
-27 -1647 0
1576 -1647 0
27 -1576 1647 0
-27 -1648 0
1577 -1648 0
27 -1577 1648 0
-27 -1649 0
1578 -1649 0
27 -1578 1649 0
-27 -1650 0
1579 -1650 0
27 -1579 1650 0
-27 -1651 0
1580 -1651 0
27 -1580 1651 0
-27 -1652 0
1581 -1652 0
27 -1581 1652 0
-27 -1653 0
1582 -1653 0
27 -1582 1653 0
-27 -1654 0
1583 -1654 0
27 -1583 1654 0
-27 -1655 0
1584 -1655 0
27 -1584 1655 0
-27 -1656 0
1585 -1656 0
27 -1585 1656 0
-27 -1657 0
1586 -1657 0
27 -1586 1657 0
-27 -1658 0
1587 -1658 0
27 -1587 1658 0
-27 -1659 0
1588 -1659 0
27 -1588 1659 0
-27 -1660 0
1589 -1660 0
27 -1589 1660 0
-27 -1661 0
1590 -1661 0
27 -1590 1661 0
-27 -1662 0
1591 -1662 0
27 -1591 1662 0
-27 -1663 0
1592 -1663 0
27 -1592 1663 0
-27 -1664 0
1593 -1664 0
27 -1593 1664 0
-27 -1665 0
1594 -1665 0
27 -1594 1665 0
-27 -1666 0
1595 -1666 0
27 -1595 1666 0
-27 -1667 0
1596 -1667 0
27 -1596 1667 0
-27 -1668 0
1597 -1668 0
27 -1597 1668 0
-27 -1669 0
1598 -1669 0
27 -1598 1669 0
-27 -1670 0
1599 -1670 0
27 -1599 1670 0
-27 -1671 0
1600 -1671 0
27 -1600 1671 0
-27 -1672 0
1601 -1672 0
27 -1601 1672 0
-27 -1673 0
1602 -1673 0
27 -1602 1673 0
-27 -1674 0
1603 -1674 0
27 -1603 1674 0
-27 -1675 0
1604 -1675 0
27 -1604 1675 0
-27 -1676 0
1605 -1676 0
27 -1605 1676 0
-27 -1677 0
1606 -1677 0
27 -1606 1677 0
-27 -1678 0
1607 -1678 0
27 -1607 1678 0
-27 -1679 0
1608 -1679 0
27 -1608 1679 0
-27 -1680 0
1609 -1680 0
27 -1609 1680 0
-27 -1681 0
1610 -1681 0
27 -1610 1681 0
-27 -1682 0
1611 -1682 0
27 -1611 1682 0
-27 -1683 0
1612 -1683 0
27 -1612 1683 0
-27 -1684 0
1613 -1684 0
27 -1613 1684 0
-27 -1685 0
1614 -1685 0
27 -1614 1685 0
-27 -1686 0
1615 -1686 0
27 -1615 1686 0
-27 -1687 0
1616 -1687 0
27 -1616 1687 0
-27 -1688 0
1617 -1688 0
27 -1617 1688 0
-27 -1689 0
1618 -1689 0
27 -1618 1689 0
-27 -1690 0
1619 -1690 0
27 -1619 1690 0
-27 -1691 0
1620 -1691 0
27 -1620 1691 0
-27 -1692 0
1621 -1692 0
27 -1621 1692 0
-27 -1693 0
1622 -1693 0
27 -1622 1693 0
-27 -1694 0
1623 -1694 0
27 -1623 1694 0
-27 -1695 0
1624 -1695 0
27 -1624 1695 0
-27 -1696 0
1625 -1696 0
27 -1625 1696 0
-27 -1697 0
1626 -1697 0
27 -1626 1697 0
-27 -1698 0
1627 -1698 0
27 -1627 1698 0
-27 -1699 0
1628 -1699 0
27 -1628 1699 0
-27 1700 0
-1629 1700 0
27 1629 -1700 0
-27 1701 0
-1630 1701 0
27 1630 -1701 0
-27 -1702 0
1631 -1702 0
27 -1631 1702 0
-27 -1703 0
1632 -1703 0
27 -1632 1703 0
-27 -1704 0
1633 -1704 0
27 -1633 1704 0
-27 -1705 0
1634 -1705 0
27 -1634 1705 0
-27 -1706 0
1635 -1706 0
27 -1635 1706 0
27 -1636 1708 0
27 1636 -1708 0
-27 -1707 1708 0
-27 1707 -1708 0
1637 -1709 0
1638 -1709 0
1639 -1709 0
-1637 -1638 -1639 1709 0
-1709 -1710 0
1637 -1710 0
-1637 1709 1710 0
-1709 -1711 0
1638 -1711 0
-1638 1709 1711 0
-1709 -1712 0
1639 -1712 0
-1639 1709 1712 0
-1713 1714 0
-1392 1714 0
1392 1713 -1714 0
-1713 1715 0
-1393 1715 0
1393 1713 -1715 0
-1713 1716 0
-1394 1716 0
1394 1713 -1716 0
-1713 1717 0
-1395 1717 0
1395 1713 -1717 0
-1718 1719 0
-1640 1719 0
1640 1718 -1719 0
-1718 1720 0
-1641 1720 0
1641 1718 -1720 0
-1718 1721 0
-1642 1721 0
1642 1718 -1721 0
-1850 -1882 0
-1851 -1882 0
-1852 -1882 0
-1853 -1882 0
-1854 -1882 0
-1855 -1882 0
-1856 -1882 0
-1857 -1882 0
-1858 -1882 0
-1859 -1882 0
-1860 -1882 0
-1861 -1882 0
-1862 -1882 0
-1863 -1882 0
-1864 -1882 0
-1865 -1882 0
-1866 -1882 0
-1867 -1882 0
-1868 -1882 0
-1869 -1882 0
-1870 -1882 0
-1871 -1882 0
-1872 -1882 0
-1873 -1882 0
-1874 -1882 0
-1875 -1882 0
-1876 -1882 0
-1877 -1882 0
-1878 -1882 0
-1879 -1882 0
-1880 -1882 0
-1881 -1882 0
1850 1851 1852 1853 1854 1855 1856 1857 1858 1859 1860 1861 1862 1863 1864 1865 1866 1867 1868 1869 1870 1871 1872 1873 1874 1875 1876 1877 1878 1879 1880 1881 1882 0
-34 -1882 -1883 0
34 1882 -1883 0
-34 1882 1883 0
34 -1882 1883 0
-1883 0
1710 -1884 0
1711 -1884 0
1712 -1884 0
-1710 -1711 -1712 1884 0
-35 -1884 -1885 0
35 1884 -1885 0
-35 1884 1885 0
35 -1884 1885 0
-1885 0
-37 1886 0
-1710 1886 0
37 1710 -1886 0
-37 1887 0
-1711 1887 0
37 1711 -1887 0
-37 1888 0
-1712 1888 0
37 1712 -1888 0
1719 -1889 0
1720 -1889 0
1721 -1889 0
-1719 -1720 -1721 1889 0
-39 -1889 -1890 0
39 1889 -1890 0
-39 1889 1890 0
39 -1889 1890 0
-1890 0
-39 -1891 0
1719 -1891 0
39 -1719 1891 0
-39 -1892 0
1720 -1892 0
39 -1720 1892 0
-39 -1893 0
1721 -1893 0
39 -1721 1893 0
34 -1710 1959 0
34 1710 -1959 0
-34 -1886 1959 0
-34 1886 -1959 0
34 -1711 1960 0
34 1711 -1960 0
-34 -1887 1960 0
-34 1887 -1960 0
34 -1712 1961 0
34 1712 -1961 0
-34 -1888 1961 0
-34 1888 -1961 0
34 -1719 1962 0
34 1719 -1962 0
-34 -1891 1962 0
-34 1891 -1962 0
34 -1720 1963 0
34 1720 -1963 0
-34 -1892 1963 0
-34 1892 -1963 0
34 -1721 1964 0
34 1721 -1964 0
-34 -1893 1964 0
-34 1893 -1964 0
-34 -1965 0
1894 -1965 0
34 -1894 1965 0
-34 -1966 0
1895 -1966 0
34 -1895 1966 0
-34 -1967 0
1896 -1967 0
34 -1896 1967 0
-34 -1968 0
1897 -1968 0
34 -1897 1968 0
-34 -1969 0
1898 -1969 0
34 -1898 1969 0
-34 -1970 0
1899 -1970 0
34 -1899 1970 0
-34 -1971 0
1900 -1971 0
34 -1900 1971 0
-34 -1972 0
1901 -1972 0
34 -1901 1972 0
-34 -1973 0
1902 -1973 0
34 -1902 1973 0
-34 -1974 0
1903 -1974 0
34 -1903 1974 0
-34 -1975 0
1904 -1975 0
34 -1904 1975 0
-34 -1976 0
1905 -1976 0
34 -1905 1976 0
-34 -1977 0
1906 -1977 0
34 -1906 1977 0
-34 -1978 0
1907 -1978 0
34 -1907 1978 0
-34 -1979 0
1908 -1979 0
34 -1908 1979 0
-34 -1980 0
1909 -1980 0
34 -1909 1980 0
-34 -1981 0
1910 -1981 0
34 -1910 1981 0
-34 -1982 0
1911 -1982 0
34 -1911 1982 0
-34 -1983 0
1912 -1983 0
34 -1912 1983 0
-34 -1984 0
1913 -1984 0
34 -1913 1984 0
-34 -1985 0
1914 -1985 0
34 -1914 1985 0
-34 -1986 0
1915 -1986 0
34 -1915 1986 0
-34 -1987 0
1916 -1987 0
34 -1916 1987 0
-34 -1988 0
1917 -1988 0
34 -1917 1988 0
-34 -1989 0
1918 -1989 0
34 -1918 1989 0
-34 -1990 0
1919 -1990 0
34 -1919 1990 0
-34 -1991 0
1920 -1991 0
34 -1920 1991 0
-34 -1992 0
1921 -1992 0
34 -1921 1992 0
-34 -1993 0
1922 -1993 0
34 -1922 1993 0
-34 -1994 0
1923 -1994 0
34 -1923 1994 0
-34 -1995 0
1924 -1995 0
34 -1924 1995 0
-34 -1996 0
1925 -1996 0
34 -1925 1996 0
-34 -1997 0
1926 -1997 0
34 -1926 1997 0
-34 -1998 0
1927 -1998 0
34 -1927 1998 0
-34 -1999 0
1928 -1999 0
34 -1928 1999 0
-34 -2000 0
1929 -2000 0
34 -1929 2000 0
-34 -2001 0
1930 -2001 0
34 -1930 2001 0
-34 -2002 0
1931 -2002 0
34 -1931 2002 0
-34 -2003 0
1932 -2003 0
34 -1932 2003 0
-34 -2004 0
1933 -2004 0
34 -1933 2004 0
-34 -2005 0
1934 -2005 0
34 -1934 2005 0
-34 -2006 0
1935 -2006 0
34 -1935 2006 0
-34 -2007 0
1936 -2007 0
34 -1936 2007 0
-34 -2008 0
1937 -2008 0
34 -1937 2008 0
-34 -2009 0
1938 -2009 0
34 -1938 2009 0
-34 -2010 0
1939 -2010 0
34 -1939 2010 0
-34 -2011 0
1940 -2011 0
34 -1940 2011 0
-34 -2012 0
1941 -2012 0
34 -1941 2012 0
-34 -2013 0
1942 -2013 0
34 -1942 2013 0
-34 -2014 0
1943 -2014 0
34 -1943 2014 0
-34 -2015 0
1944 -2015 0
34 -1944 2015 0
-34 -2016 0
1945 -2016 0
34 -1945 2016 0
-34 -2017 0
1946 -2017 0
34 -1946 2017 0
-34 -2018 0
1947 -2018 0
34 -1947 2018 0
-34 -2019 0
1948 -2019 0
34 -1948 2019 0
-34 -2020 0
1949 -2020 0
34 -1949 2020 0
-34 2021 0
-1950 2021 0
34 1950 -2021 0
-34 2022 0
-1951 2022 0
34 1951 -2022 0
-34 2023 0
-1952 2023 0
34 1952 -2023 0
-34 -2024 0
1953 -2024 0
34 -1953 2024 0
-34 -2025 0
1954 -2025 0
34 -1954 2025 0
-34 -2026 0
1955 -2026 0
34 -1955 2026 0
-34 -2027 0
1956 -2027 0
34 -1956 2027 0
-34 -2028 0
1957 -2028 0
34 -1957 2028 0
34 -1958 2030 0
34 1958 -2030 0
-34 -2029 2030 0
-34 2029 -2030 0
-2159 -2223 0
-2160 -2223 0
-2161 -2223 0
-2162 -2223 0
-2163 -2223 0
-2164 -2223 0
-2165 -2223 0
-2166 -2223 0
-2167 -2223 0
-2168 -2223 0
-2169 -2223 0
-2170 -2223 0
-2171 -2223 0
-2172 -2223 0
-2173 -2223 0
-2174 -2223 0
-2175 -2223 0
-2176 -2223 0
-2177 -2223 0
-2178 -2223 0
-2179 -2223 0
-2180 -2223 0
-2181 -2223 0
-2182 -2223 0
-2183 -2223 0
-2184 -2223 0
-2185 -2223 0
-2186 -2223 0
-2187 -2223 0
-2188 -2223 0
-2189 -2223 0
-2190 -2223 0
-2191 -2223 0
-2192 -2223 0
-2193 -2223 0
-2194 -2223 0
-2195 -2223 0
-2196 -2223 0
-2197 -2223 0
-2198 -2223 0
-2199 -2223 0
-2200 -2223 0
-2201 -2223 0
-2202 -2223 0
-2203 -2223 0
-2204 -2223 0
-2205 -2223 0
-2206 -2223 0
-2207 -2223 0
-2208 -2223 0
-2209 -2223 0
-2210 -2223 0
-2211 -2223 0
-2212 -2223 0
-2213 -2223 0
-2214 -2223 0
-2215 -2223 0
-2216 -2223 0
-2217 -2223 0
-2218 -2223 0
-2219 -2223 0
-2220 -2223 0
-2221 -2223 0
-2222 -2223 0
2159 2160 2161 2162 2163 2164 2165 2166 2167 2168 2169 2170 2171 2172 2173 2174 2175 2176 2177 2178 2179 2180 2181 2182 2183 2184 2185 2186 2187 2188 2189 2190 2191 2192 2193 2194 2195 2196 2197 2198 2199 2200 2201 2202 2203 2204 2205 2206 2207 2208 2209 2210 2211 2212 2213 2214 2215 2216 2217 2218 2219 2220 2221 2222 2223 0
-41 -2223 -2224 0
41 2223 -2224 0
-41 2223 2224 0
41 -2223 2224 0
-2224 0
-41 2481 0
-2225 2481 0
41 2225 -2481 0
-41 -2482 0
2226 -2482 0
41 -2226 2482 0
-41 -2483 0
2227 -2483 0
41 -2227 2483 0
-41 -2484 0
2228 -2484 0
41 -2228 2484 0
-41 -2485 0
2229 -2485 0
41 -2229 2485 0
-41 -2486 0
2230 -2486 0
41 -2230 2486 0
-41 -2487 0
2231 -2487 0
41 -2231 2487 0
-41 -2488 0
2232 -2488 0
41 -2232 2488 0
-41 -2489 0
2233 -2489 0
41 -2233 2489 0
-41 -2490 0
2234 -2490 0
41 -2234 2490 0
-41 -2491 0
2235 -2491 0
41 -2235 2491 0
-41 -2492 0
2236 -2492 0
41 -2236 2492 0
-41 -2493 0
2237 -2493 0
41 -2237 2493 0
-41 -2494 0
2238 -2494 0
41 -2238 2494 0
-41 -2495 0
2239 -2495 0
41 -2239 2495 0
-41 -2496 0
2240 -2496 0
41 -2240 2496 0
-41 -2497 0
2241 -2497 0
41 -2241 2497 0
-41 -2498 0
2242 -2498 0
41 -2242 2498 0
-41 -2499 0
2243 -2499 0
41 -2243 2499 0
-41 -2500 0
2244 -2500 0
41 -2244 2500 0
-41 -2501 0
2245 -2501 0
41 -2245 2501 0
-41 -2502 0
2246 -2502 0
41 -2246 2502 0
-41 -2503 0
2247 -2503 0
41 -2247 2503 0
-41 2504 0
-2248 2504 0
41 2248 -2504 0
-41 2505 0
-2249 2505 0
41 2249 -2505 0
-41 2506 0
-2250 2506 0
41 2250 -2506 0
-41 2507 0
-2251 2507 0
41 2251 -2507 0
-41 2508 0
-2252 2508 0
41 2252 -2508 0
-41 2509 0
-2253 2509 0
41 2253 -2509 0
-41 2510 0
-2254 2510 0
41 2254 -2510 0
-41 2511 0
-2255 2511 0
41 2255 -2511 0
-41 -2512 0
2256 -2512 0
41 -2256 2512 0
-41 2513 0
-2257 2513 0
41 2257 -2513 0
-41 -2514 0
2258 -2514 0
41 -2258 2514 0
-41 -2515 0
2259 -2515 0
41 -2259 2515 0
-41 -2516 0
2260 -2516 0
41 -2260 2516 0
-41 -2517 0
2261 -2517 0
41 -2261 2517 0
-41 -2518 0
2262 -2518 0
41 -2262 2518 0
-41 -2519 0
2263 -2519 0
41 -2263 2519 0
-41 -2520 0
2264 -2520 0
41 -2264 2520 0
-41 -2521 0
2265 -2521 0
41 -2265 2521 0
-41 -2522 0
2266 -2522 0
41 -2266 2522 0
-41 -2523 0
2267 -2523 0
41 -2267 2523 0
-41 -2524 0
2268 -2524 0
41 -2268 2524 0
-41 -2525 0
2269 -2525 0
41 -2269 2525 0
-41 -2526 0
2270 -2526 0
41 -2270 2526 0
-41 -2527 0
2271 -2527 0
41 -2271 2527 0
-41 -2528 0
2272 -2528 0
41 -2272 2528 0
-41 -2529 0
2273 -2529 0
41 -2273 2529 0
-41 -2530 0
2274 -2530 0
41 -2274 2530 0
-41 -2531 0
2275 -2531 0
41 -2275 2531 0
-41 -2532 0
2276 -2532 0
41 -2276 2532 0
-41 -2533 0
2277 -2533 0
41 -2277 2533 0
-41 -2534 0
2278 -2534 0
41 -2278 2534 0
-41 -2535 0
2279 -2535 0
41 -2279 2535 0
-41 2536 0
-2280 2536 0
41 2280 -2536 0
-41 2537 0
-2281 2537 0
41 2281 -2537 0
-41 2538 0
-2282 2538 0
41 2282 -2538 0
-41 2539 0
-2283 2539 0
41 2283 -2539 0
-41 2540 0
-2284 2540 0
41 2284 -2540 0
-41 2541 0
-2285 2541 0
41 2285 -2541 0
-41 2542 0
-2286 2542 0
41 2286 -2542 0
-41 2543 0
-2287 2543 0
41 2287 -2543 0
-41 -2544 0
2288 -2544 0
41 -2288 2544 0
-41 2545 0
-2353 2545 0
41 2353 -2545 0
-41 -2546 0
2354 -2546 0
41 -2354 2546 0
-41 -2547 0
2355 -2547 0
41 -2355 2547 0
-41 -2548 0
2356 -2548 0
41 -2356 2548 0
-41 -2549 0
2357 -2549 0
41 -2357 2549 0
-41 -2550 0
2358 -2550 0
41 -2358 2550 0
-41 -2551 0
2359 -2551 0
41 -2359 2551 0
-41 -2552 0
2360 -2552 0
41 -2360 2552 0
-41 -2553 0
2361 -2553 0
41 -2361 2553 0
-41 -2554 0
2362 -2554 0
41 -2362 2554 0
-41 -2555 0
2363 -2555 0
41 -2363 2555 0
-41 -2556 0
2364 -2556 0
41 -2364 2556 0
-41 -2557 0
2365 -2557 0
41 -2365 2557 0
-41 -2558 0
2366 -2558 0
41 -2366 2558 0
-41 -2559 0
2367 -2559 0
41 -2367 2559 0
-41 -2560 0
2368 -2560 0
41 -2368 2560 0
-41 -2561 0
2369 -2561 0
41 -2369 2561 0
-41 -2562 0
2370 -2562 0
41 -2370 2562 0
-41 -2563 0
2371 -2563 0
41 -2371 2563 0
-41 -2564 0
2372 -2564 0
41 -2372 2564 0
-41 -2565 0
2373 -2565 0
41 -2373 2565 0
-41 -2566 0
2374 -2566 0
41 -2374 2566 0
-41 -2567 0
2375 -2567 0
41 -2375 2567 0
-41 -2568 0
2376 -2568 0
41 -2376 2568 0
-41 -2569 0
2377 -2569 0
41 -2377 2569 0
-41 -2570 0
2378 -2570 0
41 -2378 2570 0
-41 -2571 0
2379 -2571 0
41 -2379 2571 0
-41 -2572 0
2380 -2572 0
41 -2380 2572 0
-41 -2573 0
2381 -2573 0
41 -2381 2573 0
-41 -2574 0
2382 -2574 0
41 -2382 2574 0
-41 -2575 0
2383 -2575 0
41 -2383 2575 0
-41 -2576 0
2384 -2576 0
41 -2384 2576 0
-41 -2577 0
2385 -2577 0
41 -2385 2577 0
-41 -2578 0
2386 -2578 0
41 -2386 2578 0
-41 -2579 0
2387 -2579 0
41 -2387 2579 0
-41 -2580 0
2388 -2580 0
41 -2388 2580 0
-41 -2581 0
2389 -2581 0
41 -2389 2581 0
-41 -2582 0
2390 -2582 0
41 -2390 2582 0
-41 -2583 0
2391 -2583 0
41 -2391 2583 0
-41 -2584 0
2392 -2584 0
41 -2392 2584 0
-41 -2585 0
2393 -2585 0
41 -2393 2585 0
-41 -2586 0
2394 -2586 0
41 -2394 2586 0
-41 -2587 0
2395 -2587 0
41 -2395 2587 0
-41 -2588 0
2396 -2588 0
41 -2396 2588 0
-41 -2589 0
2397 -2589 0
41 -2397 2589 0
-41 -2590 0
2398 -2590 0
41 -2398 2590 0
-41 -2591 0
2399 -2591 0
41 -2399 2591 0
-41 -2592 0
2400 -2592 0
41 -2400 2592 0
-41 -2593 0
2401 -2593 0
41 -2401 2593 0
-41 -2594 0
2402 -2594 0
41 -2402 2594 0
-41 -2595 0
2403 -2595 0
41 -2403 2595 0
-41 -2596 0
2404 -2596 0
41 -2404 2596 0
-41 2597 0
-2405 2597 0
41 2405 -2597 0
-41 2598 0
-2406 2598 0
41 2406 -2598 0
-41 2599 0
-2407 2599 0
41 2407 -2599 0
-41 2600 0
-2408 2600 0
41 2408 -2600 0
-41 2601 0
-2409 2601 0
41 2409 -2601 0
-41 2602 0
-2410 2602 0
41 2410 -2602 0
-41 2603 0
-2411 2603 0
41 2411 -2603 0
-41 2604 0
-2412 2604 0
41 2412 -2604 0
-41 2605 0
-2413 2605 0
41 2413 -2605 0
-41 2606 0
-2414 2606 0
41 2414 -2606 0
-41 2607 0
-2415 2607 0
41 2415 -2607 0
-41 -2608 0
2416 -2608 0
41 -2416 2608 0
-2737 -2801 0
-2738 -2801 0
-2739 -2801 0
-2740 -2801 0
-2741 -2801 0
-2742 -2801 0
-2743 -2801 0
-2744 -2801 0
-2745 -2801 0
-2746 -2801 0
-2747 -2801 0
-2748 -2801 0
-2749 -2801 0
-2750 -2801 0
-2751 -2801 0
-2752 -2801 0
-2753 -2801 0
-2754 -2801 0
-2755 -2801 0
-2756 -2801 0
-2757 -2801 0
-2758 -2801 0
-2759 -2801 0
-2760 -2801 0
-2761 -2801 0
-2762 -2801 0
-2763 -2801 0
-2764 -2801 0
-2765 -2801 0
-2766 -2801 0
-2767 -2801 0
-2768 -2801 0
-2769 -2801 0
-2770 -2801 0
-2771 -2801 0
-2772 -2801 0
-2773 -2801 0
-2774 -2801 0
-2775 -2801 0
-2776 -2801 0
-2777 -2801 0
-2778 -2801 0
-2779 -2801 0
-2780 -2801 0
-2781 -2801 0
-2782 -2801 0
-2783 -2801 0
-2784 -2801 0
-2785 -2801 0
-2786 -2801 0
-2787 -2801 0
-2788 -2801 0
-2789 -2801 0
-2790 -2801 0
-2791 -2801 0
-2792 -2801 0
-2793 -2801 0
-2794 -2801 0
-2795 -2801 0
-2796 -2801 0
-2797 -2801 0
-2798 -2801 0
-2799 -2801 0
-2800 -2801 0
2737 2738 2739 2740 2741 2742 2743 2744 2745 2746 2747 2748 2749 2750 2751 2752 2753 2754 2755 2756 2757 2758 2759 2760 2761 2762 2763 2764 2765 2766 2767 2768 2769 2770 2771 2772 2773 2774 2775 2776 2777 2778 2779 2780 2781 2782 2783 2784 2785 2786 2787 2788 2789 2790 2791 2792 2793 2794 2795 2796 2797 2798 2799 2800 2801 0
-42 -2801 -2802 0
42 2801 -2802 0
-42 2801 2802 0
42 -2801 2802 0
-2802 0
-42 2835 0
-2513 2835 0
42 2513 -2835 0
-42 -2836 0
2514 -2836 0
42 -2514 2836 0
-42 -2837 0
2515 -2837 0
42 -2515 2837 0
-42 -2838 0
2516 -2838 0
42 -2516 2838 0
-42 -2839 0
2517 -2839 0
42 -2517 2839 0
-42 -2840 0
2518 -2840 0
42 -2518 2840 0
-42 -2841 0
2519 -2841 0
42 -2519 2841 0
-42 -2842 0
2520 -2842 0
42 -2520 2842 0
-42 -2843 0
2521 -2843 0
42 -2521 2843 0
-42 -2844 0
2522 -2844 0
42 -2522 2844 0
-42 -2845 0
2523 -2845 0
42 -2523 2845 0
-42 -2846 0
2524 -2846 0
42 -2524 2846 0
-42 -2847 0
2525 -2847 0
42 -2525 2847 0
-42 -2848 0
2526 -2848 0
42 -2526 2848 0
-42 -2849 0
2527 -2849 0
42 -2527 2849 0
-42 -2850 0
2528 -2850 0
42 -2528 2850 0
-42 -2851 0
2529 -2851 0
42 -2529 2851 0
-42 -2852 0
2530 -2852 0
42 -2530 2852 0
-42 -2853 0
2531 -2853 0
42 -2531 2853 0
-42 -2854 0
2532 -2854 0
42 -2532 2854 0
-42 -2855 0
2533 -2855 0
42 -2533 2855 0
-42 -2856 0
2534 -2856 0
42 -2534 2856 0
-42 -2857 0
2535 -2857 0
42 -2535 2857 0
-42 2858 0
-2536 2858 0
42 2536 -2858 0
-42 2859 0
-2537 2859 0
42 2537 -2859 0
-42 2860 0
-2538 2860 0
42 2538 -2860 0
-42 2861 0
-2539 2861 0
42 2539 -2861 0
-42 2862 0
-2540 2862 0
42 2540 -2862 0
-42 2863 0
-2541 2863 0
42 2541 -2863 0
-42 2864 0
-2542 2864 0
42 2542 -2864 0
-42 2865 0
-2543 2865 0
42 2543 -2865 0
-42 -2866 0
2544 -2866 0
42 -2544 2866 0
-42 2867 0
-2353 2867 0
42 2353 -2867 0
-42 -2868 0
2354 -2868 0
42 -2354 2868 0
-42 -2869 0
2355 -2869 0
42 -2355 2869 0
-42 -2870 0
2356 -2870 0
42 -2356 2870 0
-42 -2871 0
2357 -2871 0
42 -2357 2871 0
-42 -2872 0
2358 -2872 0
42 -2358 2872 0
-42 -2873 0
2359 -2873 0
42 -2359 2873 0
-42 -2874 0
2360 -2874 0
42 -2360 2874 0
-42 -2875 0
2361 -2875 0
42 -2361 2875 0
-42 -2876 0
2362 -2876 0
42 -2362 2876 0
-42 -2877 0
2363 -2877 0
42 -2363 2877 0
-42 -2878 0
2364 -2878 0
42 -2364 2878 0
-42 -2879 0
2365 -2879 0
42 -2365 2879 0
-42 -2880 0
2366 -2880 0
42 -2366 2880 0
-42 -2881 0
2367 -2881 0
42 -2367 2881 0
-42 -2882 0
2368 -2882 0
42 -2368 2882 0
-42 -2883 0
2369 -2883 0
42 -2369 2883 0
-42 -2884 0
2370 -2884 0
42 -2370 2884 0
-42 -2885 0
2371 -2885 0
42 -2371 2885 0
-42 -2886 0
2372 -2886 0
42 -2372 2886 0
-42 -2887 0
2373 -2887 0
42 -2373 2887 0
-42 -2888 0
2374 -2888 0
42 -2374 2888 0
-42 -2889 0
2375 -2889 0
42 -2375 2889 0
-42 -2890 0
2376 -2890 0
42 -2376 2890 0
-42 -2891 0
2377 -2891 0
42 -2377 2891 0
-42 -2892 0
2378 -2892 0
42 -2378 2892 0
-42 -2893 0
2379 -2893 0
42 -2379 2893 0
-42 -2894 0
2380 -2894 0
42 -2380 2894 0
-42 -2895 0
2381 -2895 0
42 -2381 2895 0
-42 -2896 0
2382 -2896 0
42 -2382 2896 0
-42 -2897 0
2383 -2897 0
42 -2383 2897 0
-42 -2898 0
2384 -2898 0
42 -2384 2898 0
-42 -2899 0
2385 -2899 0
42 -2385 2899 0
-42 -2900 0
2386 -2900 0
42 -2386 2900 0
-42 -2901 0
2387 -2901 0
42 -2387 2901 0
-42 -2902 0
2388 -2902 0
42 -2388 2902 0
-42 -2903 0
2389 -2903 0
42 -2389 2903 0
-42 -2904 0
2390 -2904 0
42 -2390 2904 0
-42 -2905 0
2391 -2905 0
42 -2391 2905 0
-42 -2906 0
2392 -2906 0
42 -2392 2906 0
-42 -2907 0
2393 -2907 0
42 -2393 2907 0
-42 -2908 0
2394 -2908 0
42 -2394 2908 0
-42 -2909 0
2395 -2909 0
42 -2395 2909 0
-42 -2910 0
2396 -2910 0
42 -2396 2910 0
-42 -2911 0
2397 -2911 0
42 -2397 2911 0
-42 -2912 0
2398 -2912 0
42 -2398 2912 0
-42 -2913 0
2399 -2913 0
42 -2399 2913 0
-42 -2914 0
2400 -2914 0
42 -2400 2914 0
-42 -2915 0
2401 -2915 0
42 -2401 2915 0
-42 -2916 0
2402 -2916 0
42 -2402 2916 0
-42 -2917 0
2403 -2917 0
42 -2403 2917 0
-42 -2918 0
2404 -2918 0
42 -2404 2918 0
-42 2919 0
-2405 2919 0
42 2405 -2919 0
-42 2920 0
-2406 2920 0
42 2406 -2920 0
-42 2921 0
-2407 2921 0
42 2407 -2921 0
-42 2922 0
-2408 2922 0
42 2408 -2922 0
-42 2923 0
-2409 2923 0
42 2409 -2923 0
-42 2924 0
-2410 2924 0
42 2410 -2924 0
-42 2925 0
-2411 2925 0
42 2411 -2925 0
-42 2926 0
-2412 2926 0
42 2412 -2926 0
-42 2927 0
-2413 2927 0
42 2413 -2927 0
-42 2928 0
-2414 2928 0
42 2414 -2928 0
-42 2929 0
-2415 2929 0
42 2415 -2929 0
-42 -2930 0
2416 -2930 0
42 -2416 2930 0
-42 2931 0
-2803 2931 0
42 2803 -2931 0
-42 -2932 0
2804 -2932 0
42 -2804 2932 0
-42 -2933 0
2805 -2933 0
42 -2805 2933 0
-42 -2934 0
2806 -2934 0
42 -2806 2934 0
-42 -2935 0
2807 -2935 0
42 -2807 2935 0
-42 -2936 0
2808 -2936 0
42 -2808 2936 0
-42 -2937 0
2809 -2937 0
42 -2809 2937 0
-42 -2938 0
2810 -2938 0
42 -2810 2938 0
-42 -2939 0
2811 -2939 0
42 -2811 2939 0
-42 -2940 0
2812 -2940 0
42 -2812 2940 0
-42 -2941 0
2813 -2941 0
42 -2813 2941 0
-42 -2942 0
2814 -2942 0
42 -2814 2942 0
-42 -2943 0
2815 -2943 0
42 -2815 2943 0
-42 -2944 0
2816 -2944 0
42 -2816 2944 0
-42 -2945 0
2817 -2945 0
42 -2817 2945 0
-42 -2946 0
2818 -2946 0
42 -2818 2946 0
-42 -2947 0
2819 -2947 0
42 -2819 2947 0
-42 -2948 0
2820 -2948 0
42 -2820 2948 0
-42 -2949 0
2821 -2949 0
42 -2821 2949 0
-42 -2950 0
2822 -2950 0
42 -2822 2950 0
-42 -2951 0
2823 -2951 0
42 -2823 2951 0
-42 -2952 0
2824 -2952 0
42 -2824 2952 0
-42 -2953 0
2825 -2953 0
42 -2825 2953 0
-42 2954 0
-2826 2954 0
42 2826 -2954 0
-42 2955 0
-2827 2955 0
42 2827 -2955 0
-42 2956 0
-2828 2956 0
42 2828 -2956 0
-42 2957 0
-2829 2957 0
42 2829 -2957 0
-42 2958 0
-2830 2958 0
42 2830 -2958 0
-42 2959 0
-2831 2959 0
42 2831 -2959 0
-42 2960 0
-2832 2960 0
42 2832 -2960 0
-42 2961 0
-2833 2961 0
42 2833 -2961 0
-42 -2962 0
2834 -2962 0
42 -2834 2962 0
-3091 -3155 0
-3092 -3155 0
-3093 -3155 0
-3094 -3155 0
-3095 -3155 0
-3096 -3155 0
-3097 -3155 0
-3098 -3155 0
-3099 -3155 0
-3100 -3155 0
-3101 -3155 0
-3102 -3155 0
-3103 -3155 0
-3104 -3155 0
-3105 -3155 0
-3106 -3155 0
-3107 -3155 0
-3108 -3155 0
-3109 -3155 0
-3110 -3155 0
-3111 -3155 0
-3112 -3155 0
-3113 -3155 0
-3114 -3155 0
-3115 -3155 0
-3116 -3155 0
-3117 -3155 0
-3118 -3155 0
-3119 -3155 0
-3120 -3155 0
-3121 -3155 0
-3122 -3155 0
-3123 -3155 0
-3124 -3155 0
-3125 -3155 0
-3126 -3155 0
-3127 -3155 0
-3128 -3155 0
-3129 -3155 0
-3130 -3155 0
-3131 -3155 0
-3132 -3155 0
-3133 -3155 0
-3134 -3155 0
-3135 -3155 0
-3136 -3155 0
-3137 -3155 0
-3138 -3155 0
-3139 -3155 0
-3140 -3155 0
-3141 -3155 0
-3142 -3155 0
-3143 -3155 0
-3144 -3155 0
-3145 -3155 0
-3146 -3155 0
-3147 -3155 0
-3148 -3155 0
-3149 -3155 0
-3150 -3155 0
-3151 -3155 0
-3152 -3155 0
-3153 -3155 0
-3154 -3155 0
3091 3092 3093 3094 3095 3096 3097 3098 3099 3100 3101 3102 3103 3104 3105 3106 3107 3108 3109 3110 3111 3112 3113 3114 3115 3116 3117 3118 3119 3120 3121 3122 3123 3124 3125 3126 3127 3128 3129 3130 3131 3132 3133 3134 3135 3136 3137 3138 3139 3140 3141 3142 3143 3144 3145 3146 3147 3148 3149 3150 3151 3152 3153 3154 3155 0
-43 -3155 -3156 0
43 3155 -3156 0
-43 3155 3156 0
43 -3155 3156 0
-3156 0
-43 3189 0
-2835 3189 0
43 2835 -3189 0
-43 -3190 0
2836 -3190 0
43 -2836 3190 0
-43 -3191 0
2837 -3191 0
43 -2837 3191 0
-43 -3192 0
2838 -3192 0
43 -2838 3192 0
-43 -3193 0
2839 -3193 0
43 -2839 3193 0
-43 -3194 0
2840 -3194 0
43 -2840 3194 0
-43 -3195 0
2841 -3195 0
43 -2841 3195 0
-43 -3196 0
2842 -3196 0
43 -2842 3196 0
-43 -3197 0
2843 -3197 0
43 -2843 3197 0
-43 -3198 0
2844 -3198 0
43 -2844 3198 0
-43 -3199 0
2845 -3199 0
43 -2845 3199 0
-43 -3200 0
2846 -3200 0
43 -2846 3200 0
-43 -3201 0
2847 -3201 0
43 -2847 3201 0
-43 -3202 0
2848 -3202 0
43 -2848 3202 0
-43 -3203 0
2849 -3203 0
43 -2849 3203 0
-43 -3204 0
2850 -3204 0
43 -2850 3204 0
-43 -3205 0
2851 -3205 0
43 -2851 3205 0
-43 -3206 0
2852 -3206 0
43 -2852 3206 0
-43 -3207 0
2853 -3207 0
43 -2853 3207 0
-43 -3208 0
2854 -3208 0
43 -2854 3208 0
-43 -3209 0
2855 -3209 0
43 -2855 3209 0
-43 -3210 0
2856 -3210 0
43 -2856 3210 0
-43 -3211 0
2857 -3211 0
43 -2857 3211 0
-43 3212 0
-2858 3212 0
43 2858 -3212 0
-43 3213 0
-2859 3213 0
43 2859 -3213 0
-43 3214 0
-2860 3214 0
43 2860 -3214 0
-43 3215 0
-2861 3215 0
43 2861 -3215 0
-43 3216 0
-2862 3216 0
43 2862 -3216 0
-43 3217 0
-2863 3217 0
43 2863 -3217 0
-43 3218 0
-2864 3218 0
43 2864 -3218 0
-43 3219 0
-2865 3219 0
43 2865 -3219 0
-43 -3220 0
2866 -3220 0
43 -2866 3220 0
-43 3221 0
-2353 3221 0
43 2353 -3221 0
-43 -3222 0
2354 -3222 0
43 -2354 3222 0
-43 -3223 0
2355 -3223 0
43 -2355 3223 0
-43 -3224 0
2356 -3224 0
43 -2356 3224 0
-43 -3225 0
2357 -3225 0
43 -2357 3225 0
-43 -3226 0
2358 -3226 0
43 -2358 3226 0
-43 -3227 0
2359 -3227 0
43 -2359 3227 0
-43 -3228 0
2360 -3228 0
43 -2360 3228 0
-43 -3229 0
2361 -3229 0
43 -2361 3229 0
-43 -3230 0
2362 -3230 0
43 -2362 3230 0
-43 -3231 0
2363 -3231 0
43 -2363 3231 0
-43 -3232 0
2364 -3232 0
43 -2364 3232 0
-43 -3233 0
2365 -3233 0
43 -2365 3233 0
-43 -3234 0
2366 -3234 0
43 -2366 3234 0
-43 -3235 0
2367 -3235 0
43 -2367 3235 0
-43 -3236 0
2368 -3236 0
43 -2368 3236 0
-43 -3237 0
2369 -3237 0
43 -2369 3237 0
-43 -3238 0
2370 -3238 0
43 -2370 3238 0
-43 -3239 0
2371 -3239 0
43 -2371 3239 0
-43 -3240 0
2372 -3240 0
43 -2372 3240 0
-43 -3241 0
2373 -3241 0
43 -2373 3241 0
-43 -3242 0
2374 -3242 0
43 -2374 3242 0
-43 -3243 0
2375 -3243 0
43 -2375 3243 0
-43 -3244 0
2376 -3244 0
43 -2376 3244 0
-43 -3245 0
2377 -3245 0
43 -2377 3245 0
-43 -3246 0
2378 -3246 0
43 -2378 3246 0
-43 -3247 0
2379 -3247 0
43 -2379 3247 0
-43 -3248 0
2380 -3248 0
43 -2380 3248 0
-43 -3249 0
2381 -3249 0
43 -2381 3249 0
-43 -3250 0
2382 -3250 0
43 -2382 3250 0
-43 -3251 0
2383 -3251 0
43 -2383 3251 0
-43 -3252 0
2384 -3252 0
43 -2384 3252 0
-43 -3253 0
2385 -3253 0
43 -2385 3253 0
-43 -3254 0
2386 -3254 0
43 -2386 3254 0
-43 -3255 0
2387 -3255 0
43 -2387 3255 0
-43 -3256 0
2388 -3256 0
43 -2388 3256 0
-43 -3257 0
2389 -3257 0
43 -2389 3257 0
-43 -3258 0
2390 -3258 0
43 -2390 3258 0
-43 -3259 0
2391 -3259 0
43 -2391 3259 0
-43 -3260 0
2392 -3260 0
43 -2392 3260 0
-43 -3261 0
2393 -3261 0
43 -2393 3261 0
-43 -3262 0
2394 -3262 0
43 -2394 3262 0
-43 -3263 0
2395 -3263 0
43 -2395 3263 0
-43 -3264 0
2396 -3264 0
43 -2396 3264 0
-43 -3265 0
2397 -3265 0
43 -2397 3265 0
-43 -3266 0
2398 -3266 0
43 -2398 3266 0
-43 -3267 0
2399 -3267 0
43 -2399 3267 0
-43 -3268 0
2400 -3268 0
43 -2400 3268 0
-43 -3269 0
2401 -3269 0
43 -2401 3269 0
-43 -3270 0
2402 -3270 0
43 -2402 3270 0
-43 -3271 0
2403 -3271 0
43 -2403 3271 0
-43 -3272 0
2404 -3272 0
43 -2404 3272 0
-43 3273 0
-2405 3273 0
43 2405 -3273 0
-43 3274 0
-2406 3274 0
43 2406 -3274 0
-43 3275 0
-2407 3275 0
43 2407 -3275 0
-43 3276 0
-2408 3276 0
43 2408 -3276 0
-43 3277 0
-2409 3277 0
43 2409 -3277 0
-43 3278 0
-2410 3278 0
43 2410 -3278 0
-43 3279 0
-2411 3279 0
43 2411 -3279 0
-43 3280 0
-2412 3280 0
43 2412 -3280 0
-43 3281 0
-2413 3281 0
43 2413 -3281 0
-43 3282 0
-2414 3282 0
43 2414 -3282 0
-43 3283 0
-2415 3283 0
43 2415 -3283 0
-43 -3284 0
2416 -3284 0
43 -2416 3284 0
-43 3285 0
-3157 3285 0
43 3157 -3285 0
-43 -3286 0
3158 -3286 0
43 -3158 3286 0
-43 -3287 0
3159 -3287 0
43 -3159 3287 0
-43 -3288 0
3160 -3288 0
43 -3160 3288 0
-43 -3289 0
3161 -3289 0
43 -3161 3289 0
-43 -3290 0
3162 -3290 0
43 -3162 3290 0
-43 -3291 0
3163 -3291 0
43 -3163 3291 0
-43 -3292 0
3164 -3292 0
43 -3164 3292 0
-43 -3293 0
3165 -3293 0
43 -3165 3293 0
-43 -3294 0
3166 -3294 0
43 -3166 3294 0
-43 -3295 0
3167 -3295 0
43 -3167 3295 0
-43 -3296 0
3168 -3296 0
43 -3168 3296 0
-43 -3297 0
3169 -3297 0
43 -3169 3297 0
-43 -3298 0
3170 -3298 0
43 -3170 3298 0
-43 -3299 0
3171 -3299 0
43 -3171 3299 0
-43 -3300 0
3172 -3300 0
43 -3172 3300 0
-43 -3301 0
3173 -3301 0
43 -3173 3301 0
-43 -3302 0
3174 -3302 0
43 -3174 3302 0
-43 -3303 0
3175 -3303 0
43 -3175 3303 0
-43 -3304 0
3176 -3304 0
43 -3176 3304 0
-43 -3305 0
3177 -3305 0
43 -3177 3305 0
-43 -3306 0
3178 -3306 0
43 -3178 3306 0
-43 -3307 0
3179 -3307 0
43 -3179 3307 0
-43 3308 0
-3180 3308 0
43 3180 -3308 0
-43 3309 0
-3181 3309 0
43 3181 -3309 0
-43 3310 0
-3182 3310 0
43 3182 -3310 0
-43 3311 0
-3183 3311 0
43 3183 -3311 0
-43 3312 0
-3184 3312 0
43 3184 -3312 0
-43 3313 0
-3185 3313 0
43 3185 -3313 0
-43 3314 0
-3186 3314 0
43 3186 -3314 0
-43 3315 0
-3187 3315 0
43 3187 -3315 0
-43 -3316 0
3188 -3316 0
43 -3188 3316 0
-3445 -3509 0
-3446 -3509 0
-3447 -3509 0
-3448 -3509 0
-3449 -3509 0
-3450 -3509 0
-3451 -3509 0
-3452 -3509 0
-3453 -3509 0
-3454 -3509 0
-3455 -3509 0
-3456 -3509 0
-3457 -3509 0
-3458 -3509 0
-3459 -3509 0
-3460 -3509 0
-3461 -3509 0
-3462 -3509 0
-3463 -3509 0
-3464 -3509 0
-3465 -3509 0
-3466 -3509 0
-3467 -3509 0
-3468 -3509 0
-3469 -3509 0
-3470 -3509 0
-3471 -3509 0
-3472 -3509 0
-3473 -3509 0
-3474 -3509 0
-3475 -3509 0
-3476 -3509 0
-3477 -3509 0
-3478 -3509 0
-3479 -3509 0
-3480 -3509 0
-3481 -3509 0
-3482 -3509 0
-3483 -3509 0
-3484 -3509 0
-3485 -3509 0
-3486 -3509 0
-3487 -3509 0
-3488 -3509 0
-3489 -3509 0
-3490 -3509 0
-3491 -3509 0
-3492 -3509 0
-3493 -3509 0
-3494 -3509 0
-3495 -3509 0
-3496 -3509 0
-3497 -3509 0
-3498 -3509 0
-3499 -3509 0
-3500 -3509 0
-3501 -3509 0
-3502 -3509 0
-3503 -3509 0
-3504 -3509 0
-3505 -3509 0
-3506 -3509 0
-3507 -3509 0
-3508 -3509 0
3445 3446 3447 3448 3449 3450 3451 3452 3453 3454 3455 3456 3457 3458 3459 3460 3461 3462 3463 3464 3465 3466 3467 3468 3469 3470 3471 3472 3473 3474 3475 3476 3477 3478 3479 3480 3481 3482 3483 3484 3485 3486 3487 3488 3489 3490 3491 3492 3493 3494 3495 3496 3497 3498 3499 3500 3501 3502 3503 3504 3505 3506 3507 3508 3509 0
-44 -3509 -3510 0
44 3509 -3510 0
-44 3509 3510 0
44 -3509 3510 0
-3510 0
-44 3543 0
-3189 3543 0
44 3189 -3543 0
-44 -3544 0
3190 -3544 0
44 -3190 3544 0
-44 -3545 0
3191 -3545 0
44 -3191 3545 0
-44 -3546 0
3192 -3546 0
44 -3192 3546 0
-44 -3547 0
3193 -3547 0
44 -3193 3547 0
-44 -3548 0
3194 -3548 0
44 -3194 3548 0
-44 -3549 0
3195 -3549 0
44 -3195 3549 0
-44 -3550 0
3196 -3550 0
44 -3196 3550 0
-44 -3551 0
3197 -3551 0
44 -3197 3551 0
-44 -3552 0
3198 -3552 0
44 -3198 3552 0
-44 -3553 0
3199 -3553 0
44 -3199 3553 0
-44 -3554 0
3200 -3554 0
44 -3200 3554 0
-44 -3555 0
3201 -3555 0
44 -3201 3555 0
-44 -3556 0
3202 -3556 0
44 -3202 3556 0
-44 -3557 0
3203 -3557 0
44 -3203 3557 0
-44 -3558 0
3204 -3558 0
44 -3204 3558 0
-44 -3559 0
3205 -3559 0
44 -3205 3559 0
-44 -3560 0
3206 -3560 0
44 -3206 3560 0
-44 -3561 0
3207 -3561 0
44 -3207 3561 0
-44 -3562 0
3208 -3562 0
44 -3208 3562 0
-44 -3563 0
3209 -3563 0
44 -3209 3563 0
-44 -3564 0
3210 -3564 0
44 -3210 3564 0
-44 -3565 0
3211 -3565 0
44 -3211 3565 0
-44 3566 0
-3212 3566 0
44 3212 -3566 0
-44 3567 0
-3213 3567 0
44 3213 -3567 0
-44 3568 0
-3214 3568 0
44 3214 -3568 0
-44 3569 0
-3215 3569 0
44 3215 -3569 0
-44 3570 0
-3216 3570 0
44 3216 -3570 0
-44 3571 0
-3217 3571 0
44 3217 -3571 0
-44 3572 0
-3218 3572 0
44 3218 -3572 0
-44 3573 0
-3219 3573 0
44 3219 -3573 0
-44 -3574 0
3220 -3574 0
44 -3220 3574 0
-44 3575 0
-2353 3575 0
44 2353 -3575 0
-44 -3576 0
2354 -3576 0
44 -2354 3576 0
-44 -3577 0
2355 -3577 0
44 -2355 3577 0
-44 -3578 0
2356 -3578 0
44 -2356 3578 0
-44 -3579 0
2357 -3579 0
44 -2357 3579 0
-44 -3580 0
2358 -3580 0
44 -2358 3580 0
-44 -3581 0
2359 -3581 0
44 -2359 3581 0
-44 -3582 0
2360 -3582 0
44 -2360 3582 0
-44 -3583 0
2361 -3583 0
44 -2361 3583 0
-44 -3584 0
2362 -3584 0
44 -2362 3584 0
-44 -3585 0
2363 -3585 0
44 -2363 3585 0
-44 -3586 0
2364 -3586 0
44 -2364 3586 0
-44 -3587 0
2365 -3587 0
44 -2365 3587 0
-44 -3588 0
2366 -3588 0
44 -2366 3588 0
-44 -3589 0
2367 -3589 0
44 -2367 3589 0
-44 -3590 0
2368 -3590 0
44 -2368 3590 0
-44 -3591 0
2369 -3591 0
44 -2369 3591 0
-44 -3592 0
2370 -3592 0
44 -2370 3592 0
-44 -3593 0
2371 -3593 0
44 -2371 3593 0
-44 -3594 0
2372 -3594 0
44 -2372 3594 0
-44 -3595 0
2373 -3595 0
44 -2373 3595 0
-44 -3596 0
2374 -3596 0
44 -2374 3596 0
-44 -3597 0
2375 -3597 0
44 -2375 3597 0
-44 -3598 0
2376 -3598 0
44 -2376 3598 0
-44 -3599 0
2377 -3599 0
44 -2377 3599 0
-44 -3600 0
2378 -3600 0
44 -2378 3600 0
-44 -3601 0
2379 -3601 0
44 -2379 3601 0
-44 -3602 0
2380 -3602 0
44 -2380 3602 0
-44 -3603 0
2381 -3603 0
44 -2381 3603 0
-44 -3604 0
2382 -3604 0
44 -2382 3604 0
-44 -3605 0
2383 -3605 0
44 -2383 3605 0
-44 -3606 0
2384 -3606 0
44 -2384 3606 0
-44 -3607 0
2385 -3607 0
44 -2385 3607 0
-44 -3608 0
2386 -3608 0
44 -2386 3608 0
-44 -3609 0
2387 -3609 0
44 -2387 3609 0
-44 -3610 0
2388 -3610 0
44 -2388 3610 0
-44 -3611 0
2389 -3611 0
44 -2389 3611 0
-44 -3612 0
2390 -3612 0
44 -2390 3612 0
-44 -3613 0
2391 -3613 0
44 -2391 3613 0
-44 -3614 0
2392 -3614 0
44 -2392 3614 0
-44 -3615 0
2393 -3615 0
44 -2393 3615 0
-44 -3616 0
2394 -3616 0
44 -2394 3616 0
-44 -3617 0
2395 -3617 0
44 -2395 3617 0
-44 -3618 0
2396 -3618 0
44 -2396 3618 0
-44 -3619 0
2397 -3619 0
44 -2397 3619 0
-44 -3620 0
2398 -3620 0
44 -2398 3620 0
-44 -3621 0
2399 -3621 0
44 -2399 3621 0
-44 -3622 0
2400 -3622 0
44 -2400 3622 0
-44 -3623 0
2401 -3623 0
44 -2401 3623 0
-44 -3624 0
2402 -3624 0
44 -2402 3624 0
-44 -3625 0
2403 -3625 0
44 -2403 3625 0
-44 -3626 0
2404 -3626 0
44 -2404 3626 0
-44 3627 0
-2405 3627 0
44 2405 -3627 0
-44 3628 0
-2406 3628 0
44 2406 -3628 0
-44 3629 0
-2407 3629 0
44 2407 -3629 0
-44 3630 0
-2408 3630 0
44 2408 -3630 0
-44 3631 0
-2409 3631 0
44 2409 -3631 0
-44 3632 0
-2410 3632 0
44 2410 -3632 0
-44 3633 0
-2411 3633 0
44 2411 -3633 0
-44 3634 0
-2412 3634 0
44 2412 -3634 0
-44 3635 0
-2413 3635 0
44 2413 -3635 0
-44 3636 0
-2414 3636 0
44 2414 -3636 0
-44 3637 0
-2415 3637 0
44 2415 -3637 0
-44 -3638 0
2416 -3638 0
44 -2416 3638 0
-44 3639 0
-3511 3639 0
44 3511 -3639 0
-44 -3640 0
3512 -3640 0
44 -3512 3640 0
-44 -3641 0
3513 -3641 0
44 -3513 3641 0
-44 -3642 0
3514 -3642 0
44 -3514 3642 0
-44 -3643 0
3515 -3643 0
44 -3515 3643 0
-44 -3644 0
3516 -3644 0
44 -3516 3644 0
-44 -3645 0
3517 -3645 0
44 -3517 3645 0
-44 -3646 0
3518 -3646 0
44 -3518 3646 0
-44 -3647 0
3519 -3647 0
44 -3519 3647 0
-44 -3648 0
3520 -3648 0
44 -3520 3648 0
-44 -3649 0
3521 -3649 0
44 -3521 3649 0
-44 -3650 0
3522 -3650 0
44 -3522 3650 0
-44 -3651 0
3523 -3651 0
44 -3523 3651 0
-44 -3652 0
3524 -3652 0
44 -3524 3652 0
-44 -3653 0
3525 -3653 0
44 -3525 3653 0
-44 -3654 0
3526 -3654 0
44 -3526 3654 0
-44 -3655 0
3527 -3655 0
44 -3527 3655 0
-44 -3656 0
3528 -3656 0
44 -3528 3656 0
-44 -3657 0
3529 -3657 0
44 -3529 3657 0
-44 -3658 0
3530 -3658 0
44 -3530 3658 0
-44 -3659 0
3531 -3659 0
44 -3531 3659 0
-44 -3660 0
3532 -3660 0
44 -3532 3660 0
-44 -3661 0
3533 -3661 0
44 -3533 3661 0
-44 3662 0
-3534 3662 0
44 3534 -3662 0
-44 3663 0
-3535 3663 0
44 3535 -3663 0
-44 3664 0
-3536 3664 0
44 3536 -3664 0
-44 3665 0
-3537 3665 0
44 3537 -3665 0
-44 3666 0
-3538 3666 0
44 3538 -3666 0
-44 3667 0
-3539 3667 0
44 3539 -3667 0
-44 3668 0
-3540 3668 0
44 3540 -3668 0
-44 3669 0
-3541 3669 0
44 3541 -3669 0
-44 -3670 0
3542 -3670 0
44 -3542 3670 0
-3671 3672 0
-1714 3672 0
1714 3671 -3672 0
-3671 -3673 0
1715 -3673 0
-1715 3671 3673 0
-3671 -3674 0
1716 -3674 0
-1716 3671 3674 0
-3671 3675 0
-1717 3675 0
1717 3671 -3675 0
-3676 3677 0
-1962 3677 0
1962 3676 -3677 0
-3676 -3678 0
1963 -3678 0
-1963 3676 3678 0
-3676 -3679 0
1964 -3679 0
-1964 3676 3679 0
-3808 -3840 0
-3809 -3840 0
-3810 -3840 0
-3811 -3840 0
-3812 -3840 0
-3813 -3840 0
-3814 -3840 0
-3815 -3840 0
-3816 -3840 0
-3817 -3840 0
-3818 -3840 0
-3819 -3840 0
-3820 -3840 0
-3821 -3840 0
-3822 -3840 0
-3823 -3840 0
-3824 -3840 0
-3825 -3840 0
-3826 -3840 0
-3827 -3840 0
-3828 -3840 0
-3829 -3840 0
-3830 -3840 0
-3831 -3840 0
-3832 -3840 0
-3833 -3840 0
-3834 -3840 0
-3835 -3840 0
-3836 -3840 0
-3837 -3840 0
-3838 -3840 0
-3839 -3840 0
3808 3809 3810 3811 3812 3813 3814 3815 3816 3817 3818 3819 3820 3821 3822 3823 3824 3825 3826 3827 3828 3829 3830 3831 3832 3833 3834 3835 3836 3837 3838 3839 3840 0
-45 -3840 -3841 0
45 3840 -3841 0
-45 3840 3841 0
45 -3840 3841 0
-3841 0
-46 0
8 15 22 29 36 47 0
2545 -9154 0
-2545 9154 0
2546 -9155 0
-2546 9155 0
2547 -9156 0
-2547 9156 0
2548 -9157 0
-2548 9157 0
2549 -9158 0
-2549 9158 0
2550 -9159 0
-2550 9159 0
2551 -9160 0
-2551 9160 0
2552 -9161 0
-2552 9161 0
2553 -9162 0
-2553 9162 0
2554 -9163 0
-2554 9163 0
2555 -9164 0
-2555 9164 0
2556 -9165 0
-2556 9165 0
2557 -9166 0
-2557 9166 0
2558 -9167 0
-2558 9167 0
2559 -9168 0
-2559 9168 0
2560 -9169 0
-2560 9169 0
2561 -9170 0
-2561 9170 0
2562 -9171 0
-2562 9171 0
2563 -9172 0
-2563 9172 0
2564 -9173 0
-2564 9173 0
2565 -9174 0
-2565 9174 0
2566 -9175 0
-2566 9175 0
2567 -9176 0
-2567 9176 0
2568 -9177 0
-2568 9177 0
2569 -9178 0
-2569 9178 0
2570 -9179 0
-2570 9179 0
2571 -9180 0
-2571 9180 0
2572 -9181 0
-2572 9181 0
2573 -9182 0
-2573 9182 0
2574 -9183 0
-2574 9183 0
2575 -9184 0
-2575 9184 0
2576 -9185 0
-2576 9185 0
2577 -9186 0
-2577 9186 0
2578 -9187 0
-2578 9187 0
2579 -9188 0
-2579 9188 0
2580 -9189 0
-2580 9189 0
2581 -9190 0
-2581 9190 0
2582 -9191 0
-2582 9191 0
2583 -9192 0
-2583 9192 0
2584 -9193 0
-2584 9193 0
2585 -9194 0
-2585 9194 0
2586 -9195 0
-2586 9195 0
2587 -9196 0
-2587 9196 0
2588 -9197 0
-2588 9197 0
2589 -9198 0
-2589 9198 0
2590 -9199 0
-2590 9199 0
2591 -9200 0
-2591 9200 0
2592 -9201 0
-2592 9201 0
2593 -9202 0
-2593 9202 0
2594 -9203 0
-2594 9203 0
2595 -9204 0
-2595 9204 0
2596 -9205 0
-2596 9205 0
2597 -9206 0
-2597 9206 0
2598 -9207 0
-2598 9207 0
2599 -9208 0
-2599 9208 0
2600 -9209 0
-2600 9209 0
2601 -9210 0
-2601 9210 0
2602 -9211 0
-2602 9211 0
2603 -9212 0
-2603 9212 0
2604 -9213 0
-2604 9213 0
2605 -9214 0
-2605 9214 0
2606 -9215 0
-2606 9215 0
2607 -9216 0
-2607 9216 0
2608 -9217 0
-2608 9217 0
2867 -9218 0
-2867 9218 0
2868 -9219 0
-2868 9219 0
2869 -9220 0
-2869 9220 0
2870 -9221 0
-2870 9221 0
2871 -9222 0
-2871 9222 0
2872 -9223 0
-2872 9223 0
2873 -9224 0
-2873 9224 0
2874 -9225 0
-2874 9225 0
2875 -9226 0
-2875 9226 0
2876 -9227 0
-2876 9227 0
2877 -9228 0
-2877 9228 0
2878 -9229 0
-2878 9229 0
2879 -9230 0
-2879 9230 0
2880 -9231 0
-2880 9231 0
2881 -9232 0
-2881 9232 0
2882 -9233 0
-2882 9233 0
2883 -9234 0
-2883 9234 0
2884 -9235 0
-2884 9235 0
2885 -9236 0
-2885 9236 0
2886 -9237 0
-2886 9237 0
2887 -9238 0
-2887 9238 0
2888 -9239 0
-2888 9239 0
2889 -9240 0
-2889 9240 0
2890 -9241 0
-2890 9241 0
2891 -9242 0
-2891 9242 0
2892 -9243 0
-2892 9243 0
2893 -9244 0
-2893 9244 0
2894 -9245 0
-2894 9245 0
2895 -9246 0
-2895 9246 0
2896 -9247 0
-2896 9247 0
2897 -9248 0
-2897 9248 0
2898 -9249 0
-2898 9249 0
2899 -9250 0
-2899 9250 0
2900 -9251 0
-2900 9251 0
2901 -9252 0
-2901 9252 0
2902 -9253 0
-2902 9253 0
2903 -9254 0
-2903 9254 0
2904 -9255 0
-2904 9255 0
2905 -9256 0
-2905 9256 0
2906 -9257 0
-2906 9257 0
2907 -9258 0
-2907 9258 0
2908 -9259 0
-2908 9259 0
2909 -9260 0
-2909 9260 0
2910 -9261 0
-2910 9261 0
2911 -9262 0
-2911 9262 0
2912 -9263 0
-2912 9263 0
2913 -9264 0
-2913 9264 0
2914 -9265 0
-2914 9265 0
2915 -9266 0
-2915 9266 0
2916 -9267 0
-2916 9267 0
2917 -9268 0
-2917 9268 0
2918 -9269 0
-2918 9269 0
2919 -9270 0
-2919 9270 0
2920 -9271 0
-2920 9271 0
2921 -9272 0
-2921 9272 0
2922 -9273 0
-2922 9273 0
2923 -9274 0
-2923 9274 0
2924 -9275 0
-2924 9275 0
2925 -9276 0
-2925 9276 0
2926 -9277 0
-2926 9277 0
2927 -9278 0
-2927 9278 0
2928 -9279 0
-2928 9279 0
2929 -9280 0
-2929 9280 0
2930 -9281 0
-2930 9281 0
3221 -9282 0
-3221 9282 0
3222 -9283 0
-3222 9283 0
3223 -9284 0
-3223 9284 0
3224 -9285 0
-3224 9285 0
3225 -9286 0
-3225 9286 0
3226 -9287 0
-3226 9287 0
3227 -9288 0
-3227 9288 0
3228 -9289 0
-3228 9289 0
3229 -9290 0
-3229 9290 0
3230 -9291 0
-3230 9291 0
3231 -9292 0
-3231 9292 0
3232 -9293 0
-3232 9293 0
3233 -9294 0
-3233 9294 0
3234 -9295 0
-3234 9295 0
3235 -9296 0
-3235 9296 0
3236 -9297 0
-3236 9297 0
3237 -9298 0
-3237 9298 0
3238 -9299 0
-3238 9299 0
3239 -9300 0
-3239 9300 0
3240 -9301 0
-3240 9301 0
3241 -9302 0
-3241 9302 0
3242 -9303 0
-3242 9303 0
3243 -9304 0
-3243 9304 0
3244 -9305 0
-3244 9305 0
3245 -9306 0
-3245 9306 0
3246 -9307 0
-3246 9307 0
3247 -9308 0
-3247 9308 0
3248 -9309 0
-3248 9309 0
3249 -9310 0
-3249 9310 0
3250 -9311 0
-3250 9311 0
3251 -9312 0
-3251 9312 0
3252 -9313 0
-3252 9313 0
3253 -9314 0
-3253 9314 0
3254 -9315 0
-3254 9315 0
3255 -9316 0
-3255 9316 0
3256 -9317 0
-3256 9317 0
3257 -9318 0
-3257 9318 0
3258 -9319 0
-3258 9319 0
3259 -9320 0
-3259 9320 0
3260 -9321 0
-3260 9321 0
3261 -9322 0
-3261 9322 0
3262 -9323 0
-3262 9323 0
3263 -9324 0
-3263 9324 0
3264 -9325 0
-3264 9325 0
3265 -9326 0
-3265 9326 0
3266 -9327 0
-3266 9327 0
3267 -9328 0
-3267 9328 0
3268 -9329 0
-3268 9329 0
3269 -9330 0
-3269 9330 0
3270 -9331 0
-3270 9331 0
3271 -9332 0
-3271 9332 0
3272 -9333 0
-3272 9333 0
3273 -9334 0
-3273 9334 0
3274 -9335 0
-3274 9335 0
3275 -9336 0
-3275 9336 0
3276 -9337 0
-3276 9337 0
3277 -9338 0
-3277 9338 0
3278 -9339 0
-3278 9339 0
3279 -9340 0
-3279 9340 0
3280 -9341 0
-3280 9341 0
3281 -9342 0
-3281 9342 0
3282 -9343 0
-3282 9343 0
3283 -9344 0
-3283 9344 0
3284 -9345 0
-3284 9345 0
3575 -9346 0
-3575 9346 0
3576 -9347 0
-3576 9347 0
3577 -9348 0
-3577 9348 0
3578 -9349 0
-3578 9349 0
3579 -9350 0
-3579 9350 0
3580 -9351 0
-3580 9351 0
3581 -9352 0
-3581 9352 0
3582 -9353 0
-3582 9353 0
3583 -9354 0
-3583 9354 0
3584 -9355 0
-3584 9355 0
3585 -9356 0
-3585 9356 0
3586 -9357 0
-3586 9357 0
3587 -9358 0
-3587 9358 0
3588 -9359 0
-3588 9359 0
3589 -9360 0
-3589 9360 0
3590 -9361 0
-3590 9361 0
3591 -9362 0
-3591 9362 0
3592 -9363 0
-3592 9363 0
3593 -9364 0
-3593 9364 0
3594 -9365 0
-3594 9365 0
3595 -9366 0
-3595 9366 0
3596 -9367 0
-3596 9367 0
3597 -9368 0
-3597 9368 0
3598 -9369 0
-3598 9369 0
3599 -9370 0
-3599 9370 0
3600 -9371 0
-3600 9371 0
3601 -9372 0
-3601 9372 0
3602 -9373 0
-3602 9373 0
3603 -9374 0
-3603 9374 0
3604 -9375 0
-3604 9375 0
3605 -9376 0
-3605 9376 0
3606 -9377 0
-3606 9377 0
3607 -9378 0
-3607 9378 0
3608 -9379 0
-3608 9379 0
3609 -9380 0
-3609 9380 0
3610 -9381 0
-3610 9381 0
3611 -9382 0
-3611 9382 0
3612 -9383 0
-3612 9383 0
3613 -9384 0
-3613 9384 0
3614 -9385 0
-3614 9385 0
3615 -9386 0
-3615 9386 0
3616 -9387 0
-3616 9387 0
3617 -9388 0
-3617 9388 0
3618 -9389 0
-3618 9389 0
3619 -9390 0
-3619 9390 0
3620 -9391 0
-3620 9391 0
3621 -9392 0
-3621 9392 0
3622 -9393 0
-3622 9393 0
3623 -9394 0
-3623 9394 0
3624 -9395 0
-3624 9395 0
3625 -9396 0
-3625 9396 0
3626 -9397 0
-3626 9397 0
3627 -9398 0
-3627 9398 0
3628 -9399 0
-3628 9399 0
3629 -9400 0
-3629 9400 0
3630 -9401 0
-3630 9401 0
3631 -9402 0
-3631 9402 0
3632 -9403 0
-3632 9403 0
3633 -9404 0
-3633 9404 0
3634 -9405 0
-3634 9405 0
3635 -9406 0
-3635 9406 0
3636 -9407 0
-3636 9407 0
3637 -9408 0
-3637 9408 0
3638 -9409 0
-3638 9409 0
-9410 -9412 -9414 0
9410 9412 -9414 0
-9410 9412 9414 0
9410 -9412 9414 0
-9411 -9413 -9415 0
9411 9413 -9415 0
-9411 9413 9415 0
9411 -9413 9415 0
-9414 -9416 0
-9415 -9416 0
9414 9415 9416 0
-48 9416 0
48 -9416 0
